1-mean:[32.951382,78.13492,85.48060]
1-std:[23.380155563354492,21.74952507019043,25.510082244873047]
2-mean:[32.951382,78.13492,85.48060]
2-std:[23.380155563354492,21.74952507019043,25.510082244873047]
3-mean:[32.951382,78.13492,85.48060]
3-std:[23.380155563354492,21.74952507019043,25.510082244873047]
4-mean:[32.951382,78.13492,85.48060]
4-std:[23.380155563354492,21.74952507019043,25.510082244873047]
5-mean:[32.951382,78.13492,85.48060]
5-std:[23.380155563354492,21.74952507019043,25.510082244873047]
6-mean:[32.951382,78.13492,85.48060]
6-std:[23.380155563354492,21.74952507019043,25.510082244873047]
7-mean:[32.951382,78.13492,85.48060]
7-std:[23.380155563354492,21.74952507019043,25.510082244873047]
8-mean:[32.951382,78.13492,85.48060]
8-std:[23.380155563354492,21.74952507019043,25.510082244873047]
9-mean:[32.951382,78.13492,85.48060]
9-std:[23.380155563354492,21.74952507019043,25.510082244873047]
10-mean:[32.951382,78.13492,85.48060]
10-std:[23.380155563354492,21.74952507019043,25.510082244873047]
11-mean:[32.951382,78.13492,85.48060]
11-std:[23.380155563354492,21.74952507019043,25.510082244873047]
12-mean:[32.951382,78.13492,85.48060]
12-std:[23.380155563354492,21.74952507019043,25.510082244873047]
13-mean:[32.951382,78.13492,85.48060]
13-std:[23.380155563354492,21.74952507019043,25.510082244873047]
14-mean:[32.951382,78.13492,85.48060]
14-std:[23.380155563354492,21.74952507019043,25.510082244873047]
15-mean:[32.951382,78.13492,85.48060]
15-std:[23.380155563354492,21.74952507019043,25.510082244873047]
16-mean:[32.951382,78.13492,85.48060]
16-std:[23.380155563354492,21.74952507019043,25.510082244873047]
17-mean:[32.951382,78.13492,85.48060]
17-std:[23.380155563354492,21.74952507019043,25.510082244873047]
18-mean:[32.951382,78.13492,85.48060]
18-std:[23.380155563354492,21.74952507019043,25.510082244873047]
19-mean:[32.951382,78.13492,85.48060]
19-std:[23.380155563354492,21.74952507019043,25.510082244873047]
20-mean:[32.951382,78.13492,85.48060]
20-std:[23.380155563354492,21.74952507019043,25.510082244873047]
21-mean:[32.951382,78.13492,85.48060]
21-std:[23.380155563354492,21.74952507019043,25.510082244873047]
22-mean:[32.951382,78.13492,85.48060]
22-std:[23.380155563354492,21.74952507019043,25.510082244873047]
23-mean:[32.951382,78.13492,85.48060]
23-std:[23.380155563354492,21.74952507019043,25.510082244873047]
24-mean:[32.951382,78.13492,85.48060]
24-std:[23.380155563354492,21.74952507019043,25.510082244873047]
25-mean:[32.951382,78.13492,85.48060]
25-std:[23.380155563354492,21.74952507019043,25.510082244873047]
26-mean:[32.951382,78.13492,85.48060]
26-std:[23.380155563354492,21.74952507019043,25.510082244873047]
27-mean:[32.951382,78.13492,85.48060]
27-std:[23.380155563354492,21.74952507019043,25.510082244873047]
28-mean:[32.951382,78.13492,85.48060]
28-std:[23.380155563354492,21.74952507019043,25.510082244873047]
29-mean:[32.951382,78.13492,85.48060]
29-std:[23.380155563354492,21.74952507019043,25.510082244873047]
30-mean:[32.951382,78.13492,85.48060]
30-std:[23.380155563354492,21.74952507019043,25.510082244873047]
31-mean:[32.951382,78.13492,85.48060]
31-std:[23.380155563354492,21.74952507019043,25.510082244873047]
32-mean:[32.951382,78.13492,85.48060]
32-std:[23.380155563354492,21.74952507019043,25.510082244873047]
33-mean:[32.951382,78.13492,85.48060]
33-std:[23.380155563354492,21.74952507019043,25.510082244873047]
34-mean:[32.951382,78.13492,85.48060]
34-std:[23.380155563354492,21.74952507019043,25.510082244873047]
35-mean:[32.951382,78.13492,85.48060]
35-std:[23.380155563354492,21.74952507019043,25.510082244873047]
36-mean:[32.951382,78.13492,85.48060]
36-std:[23.380155563354492,21.74952507019043,25.510082244873047]
37-mean:[32.951382,78.13492,85.48060]
37-std:[23.380155563354492,21.74952507019043,25.510082244873047]
38-mean:[32.951382,78.13492,85.48060]
38-std:[23.380155563354492,21.74952507019043,25.510082244873047]
39-mean:[32.951382,78.13492,85.48060]
39-std:[23.380155563354492,21.74952507019043,25.510082244873047]
40-mean:[32.951382,78.13492,85.48060]
40-std:[23.380155563354492,21.74952507019043,25.510082244873047]
